Start: 2026-02-16T16:48:14.434186
End: 2026-02-16T17:10:24.390738
Duration: 1329.96 seconds
Total experiments: 2400
Subjects: 12
Runs per subject per algorithm: 100
