Start: 2026-02-16T16:39:13.738183
End: 2026-02-16T16:45:51.791813
Duration: 398.05 seconds
Total experiments: 720
Subjects: 12
Runs per subject per algorithm: 30
